383
163
191
42
26
52
115
88
203
109
206
184
299
53
281
379
272
103
157
276
117
200
400
96
34
296
272
215
178
260
290
129
224
116
146
227
163
312
398
117
15
185
201
66
123
207
362
314
294
301
43
35
275
350
296
137
226
85
127
245
363
138
161
266
330
112
312
27
236
276
30
286
329
180
325
208
326
345
198
87
20
76
214
396
124
100
136
135
165
239
319
38
78
96
38
225
41
343
312
20
234
16
152
189
272
154
133
330
349
86
150
347
175
33
140
369
320
28
297
206
174
391
138
370
124
304
98
203
233
295
45
288
332
26
55
279
313
228
312
291
243
273
315
155
215
14
32
123
267
251
140
234
353
32
222
23
51
96
76
368
249
220
352
10
329
205
271
146
161
213
138
156
273
257
137
201
109
195
292
210
245
385
250
82
185
219
137
99
82
183
176
344
89
146
301
360
12
101
99
48
32
41
297
256
197
339
186
37
169
70
22
289
102
201
348
250
327
213
219
93
17
247
90
354
127
247
175
366
168
107
112
26
387
99
32
16
331
176
209
114
301
70
361
35
195
255
38
234
253
169
163
350
217
28
149
309
28
108
247
154
398
96
145
237
168
258
359
365
80
152
363
299
37
55
207
67
210
225
158
309
281
43
227
39
263
89
146
198
282
177
170
138
185
82
234
285
95
238
337
203
169
378
108
318
324
229
371
304
203
33
129
235
382
34
341
70
346
233
152
122
287
45
193
92
110
127
67
149
110
176
90
271
124
374
288
206
103
157
13
397
108
254
236
243
230
256
358
115
352
50
328
318
171
126
261
49
90
128
78
112
77
309
204
80
95
88
25
30
300
308
287
300
268
199
360
126
182
335
285
214
154
305
35
233
270
329
394
298
130
92
211
268
301
221
215
381
121
354
219
124
227
395
321
115
274
337
159
103
100
295
87
185
318
130
170
141
57
137
295
277
325
356
111
301
361
279
191
135
174
76
48
115
208
57
219
47
358
356
15
275
32
382
288
316
154
105
64
118
112
306
221
234
358
227
105
337
301
332
75
137
74
355
280
259
191
21
171
58
136
118
380
263
199
297
123
162
280
302
46
231
333
33
64
22
332
254
44
322
264
297
373
164
150
152
396
329
264
332
26
181
44
142
240
321
208
240
299
181
66
347
143
19
396
67
95
173
84
379
155
120
242
18
67
360
208
291
245
46
143
207
148
221
128
341
157
103
241
174
92
21
185
57
374
305
115
310
28
172
114
315
225
99
94
41
357
358
328
298
340
292
249
29
133
128
178
294
186
219
376
129
371
145
57
163
269
184
41
296
59
19
216
56
74
39
169
307
101
358
99
29
252
141
57
329
215
129
104
83
346
51
241
358
55
360
377
357
33
111
194
346
165
247
115
64
152
90
324
325
120
375
288
338
23
42
29
108
207
290
103
242
15
118
143
51
360
175
52
81
114
216
107
75
57
159
122
400
354
62
199
398
262
48
337
132
187
272
399
168
306
187
384
77
110
133
102
50
310
201
368
319
35
271
272
318
301
94
266
219
203
321
78
50
74
295
242
256
99
70
24
345
280
209
131
195
66
205
236
223
339
399
226
290
283
317
292
95
324
17
39
337
333
211
33
169
181
297
316
344
282
249
40
292
345
180
319
106
344
362
88
183
260
277
368
388
43
41
237
211
194
215
395
35
147
53
54
35
63
182
219
221
52
361
73
300
136
181
70
171
400
352
62
186
11
34
184
245
253
101
306
320
88
34
186
306
199
347
318
393
274
297
352
183
154
90
254
279
334
33
259
241
209
247
196
273
63
89
192
311
266
114
245
145
77
263
107
159
327
42
62
31
22
260
114
381
222
186
388
393
168
211
399
331
85
109
305
207
290
238
55
303
185
43
168
221
209
261
235
196
357
91
360
81
300
112
144
109
180
359
149
171
116
170
14
77
272
275
336
286
319
360
392
240
215
72
30
246
129
224
321
110
231
360
16
284
24
375
168
29
159
319
270
164
41
221
225
12
282
105
332
346
64
392
73
36
392
116
84
59
346
96
333
400
32
115
286
50
299
61
83
173
301
227
180
188
394
178
114
326
124
17
18
265
289
161
95
19
330
92
175
182
106
81
98
168
63
374
147
104
179
53
400
392
347
311
97
233
61
239
111
52
315
217
194
222
29
336
211
134
201
101
130
345
162
216
132
310
191
249
37
236
318
282
387
219
293
178
271
82
270
370
79
310
19
350
111
240
203
213
273
329
197
365
215
314
70
78
151
362
286
109
291
162
173
104
46
22
92
215
237
215
231
101
67
306
312
34
203
264
206
193
277
240
363
99
192
161
262
222
339
135
368
349
61
282
132
24
71
182
399
82
289
218
129
308
296
213
372
372
373
347
290
130
314
98
265
107
23
134
285
153
379
288
116
265
75
220
313
358
250
298
19
18
313
366
197
378
159
258
99
100
353
230
323
382
43
34
119
97
230
376
213
197
121
305
44
390
386
364
123
328
73
127
281
59
351
350
84
338
67
309
253
306
310
72
100
392
341
292
314
352
172
20
36
87
181
79
28
125
281
131
242
128
235
166
218
315
12
281
170
207
334
243
250
46
398
311
376
305
144
383
374
106
256
155
25
140
381
276
143
303
266
51
98
390
34
14
175
84
291
221
262
158
284
366
368
323
166
102
345
82
369
232
179
178
58
194
216
219
220
32
284
125
226
236
355
139
131
311
115
48
133
19
328
170
300
60
47
192
356
64
73
338
250
100
239
70
250
328
53
331
385
320
19
51
103
144
60
378
252
108
357
80
299
32
73
163
200
268
340
294
124
342
185
127
14
153
235
337
276
201
352
235
342
337
304
300
119
397
261
169
156
373
381
212
120
273
274
155
323
129
399
71
116
320
282
42
126
389
52
114
328
224
189
241
17
70
233
239
252
93
277
54
18
50
241
285
320
256
74
386
399
111
107
118
151
42
399
42
94
72
328
275
261
183
341
96
149
159
197
286
18
171
268
20
247
97
361
336
182
172
175
380
99
295
273
376
328
57
370
357
367
328
259
369
68
80
194
318
189
389
145
139
218
14
254
293
218
330
64
327
216
338
390
72
261
114
97
270
399
216
85
388
263
180
247
334
52
130
318
181
293
142
15
83
217
29
25
177
334
230
159
334
298
305
385
287
389
388
100
85
171
248
143
170
112
354
366
112
293
197
393
187
389
44
30
63
160
304
143
214
147
319
163
212
35
113
164
133
39
397
343
156
371
156
213
156
353
258
253
104
294
14
90
269
176
227
68
100
171
343
175
291
249
124
13
139
171
132
59
243
174
304
283
321
48
333
277
282
294
205
196
61
189
247
131
394
103
130
304
334
234
394
96
315
280
186
80
150
161
353
100
87
228
63
333
288
295
49
341
164
394
341
53
111
166
310
212
56
370
10
254