000110010778116607
100000101326116615
111100011747819504
100001110617218715
010011100759219106
001111111468319012
001000001565517609
011011100276219112
000101010368020013
101000110398417910
111110000519920210
100001011349321013
010011010589817915
101101011388314911
000001111249820709
011000000438217611
001111000428217606
000101111636317814
010111000718117715
110111110226519214
111111100198614710
111111000189215615
111100001437819808
110110000668617906
010101001226319114
101000010569619412
110010110728916014
010111011617019307
001101111406320409
001010010246715806
000111001547020505
001101011625816406
011101100608119105
110101000486415406
111100110236820815
100111001636314713
000011000448320410
101111111369317710
001101011469714710
100101110457217212
100111001225717605
000011111798820914
010001111449618204
101011101268115815
110000001225919315
101001100349219510
000011100809819111
111010110576117505
110010011607020606
010010101638920707
101111111809920705
101000000537218206
010110101738620410
001111101696020215
001111011618216411
011010101218517411
110010011346620405
001110100688117413
011010000378617006
111111000758516910
001110010267014912
101111101279819308
000110001657318615
000110101356216811
001010000468817410
011101010359819406
110100001769116914
001110001358820111
001010101796917609
001011001499720711
000010000218917904
000101000209914704
111001010546018304
000010110297119607
111001000726919609
001011111389820913
011010100508215615
101010000506915207
111100010429818910
100011101788515104
110000010707617507
011101100329415305
000100011497615512
001110101639216210
110010110445819808
100001101538318014
001100001779320510
111100101808517715
101110000208420308
000001001768514708
110000001429620709
000010001517616407
100000000689618910
001001011576818807
001001100326015309
101010010406815605
011000101717118712
101000011566217314
011000000438817610
101110110185716914
110011110728415107
010001111297420409
101010101489717704
001100000376416513
101001101448019408
110010011218916806
110100100799415510
111110000778016504
000110010255619405
010101110329516207
100110100349320705
010001110797516812
111100010579617012
011101110529818505
110111100657118013
011011111407316105
111110001466716110
100000100437819806
000101001247718712
000010011789916606
100101001527420607
110000110278418910
100000010689816810
011011011778616509
000111000456816109
101110111556219507
010101110329116308
001100110737417512
110100101339020515
000101011727920805
110111000409716515
100101000647320512
101000101599017606
110001100538219507
001000001608719213
101100001297415212
010100010297716812
010100000735518205
111010001758919715
110011000669520315
000110101546015411
000011101585815509
101111111256816914
110000011457016314
101000100549818715
101001010567614712
001100110416317007
101010101326317108
001011011599818304
001100100505619613
011001101265814804
111010001667915615
001110111195620709
011000010429320908
110001010537619915
001110001286120007
111000100649616408
001001001515719211
010010011189115207
010001011597718814
111001011797618313
101001011505916813
111101010608717713
011011111526416311
011011111489521009
011000111328417213
011001111216816615
011111101368617313
100110001455615408
110101110725818307
101010000408414609
101111101227417207
010110001305917914
101100111376416513
001100010538119004
000010111479220110
010100010807119006
111110110737015109
101010011396120807
111010110495720106
000111100465520505
011100001747817907
000000101709516815
110100010307816315
010111100488214512
110000101586519309
001001101478415015
100111011217418913
111111101749320811
111000110618515606
100110111528520309
011100100277020114
110101111405819513
110110111649619015
010001100656914715
111000011499416204
000111011457820415
011110001805615112
011011011549815406
101101010699415609
011010111629514808
101001110799520611
111001011695515415
101001101457018613
110111111775717114
110011101706017106
111010001678118610
011110011657814814
111101100465715604
100011100357217709
011111111456315509
011001001748514606
001101101736419705
110011011505520514
001001000737620308
111011101366617004
010011111749318708
001010010537318811
101100101606515012
111010000808819504
001010001447817504
001111101377316004
001101000389320115
010111111769918208
011011100625817114
000100110196315109
010111011455717007
001001101727116109
101100111198716115
111000001456316914
010111100228017908
010001111668616612
100100100429717809
010111011539319204
011000011269920113
000100101189219907
011000011256917315
110111010798219615
000111011759917412
100100100327119904
101010100487815606
010001001749620207
101001101456015104
101110101785716209
001001001608718214
010111111459717914
111111111595920113
110110000666414713
100111111185618707
101110011588420710
110000111375919511
101111101437814614
111010010799418005
111001010455918009
010111010397520712
101111100519017012
000101101218117712
100011000188518612
010111000737915910
101011110456120914
000100011539619708
110111001779618607
000100100728616913
011101000448114905
100100101389514804
101111010427515314
110110011569518812
111010101445620106
010000000298819908
101110011396815310
100100100616818206
011010101396818207
000111111477216610
010011101777514814
101001101406615904
111001110777418104
110010000249515010
101100000348215515
011001001477219906
010000001529116405
011100111668419515
000110010198120507
010101000308915613
110001110595617110
000111101328619009
111011000726017606
000111111465720415
000010010435616512
111010111657915412
110111000215716511
010011110237316613
110000010479017304
001011100299019904
001101010369017506
010111000307419406
011101010409820513
000011001538919013
010011110579719714
101100010256518504
100010111256518211
101111000709314711
111111000447616415
010000101536217413
100100111298016004
111000101697619310
010111100668716212
110110111245615608
111011001227916409
000011101299220608
100100100437618014
001110100207515104
011010100545916405
011110101329217509
011111011355517109
011110111468020015
011001100277120006
010010011199216705
001001111758820615
001111111369519706
001101011369014707
011111011489517411
111010011508916213
100101100675717209
100010101737617606
010111000749816315
000001011637918811
011000100236020513
110000010469920006
101111011568115514
111100010356015304
001110101316621015
000101100537315313
001001001346714506
010110000325919507
100111010526315805
100101011218316806
001010010619719006
000110011537719311
011001000539218310
110111011558418314
111010100606117610
011001100437220508
010000110199316708
011101010478117211
000010111505620404
101110000799719006
010100001359917605
011101011597220404
101110000719818212
110010001597620810
100011110187720905
110100001296815809
100110110537115911
001000001386416009
011101001807820206
111101101495620212
000011011679415606
011000011235720913
010110110418318512
110010011215617108
000011100398420714
111001100466720205
110111010189318911
110111110717419507
010110111486520211
111100110409115906
011111101279519611
111000011428216009
011001010187519410
000101111285716305
110111111788417810
011011111709115404
001101010348217011
000101100646118811
011001000376715312
101011100508416010
110000111449620406
111100001729621014
100011000779317513
111101110795717510
110010111469519215
101100111748616305
001010101269819305
100101100668119714
101100011745519807
000010011298919709
110100101557419715
001100110568219507
110100011206219006
100100100348814606
110100110389420310
100000111577120812
110000000738415112
110001101798516012
011001001528420304
111100001508315308
001010101638918313
110000000476915714
100111101429515705
010001001259219410
010110000797216014
101101111795919108
110011100578015812
010001010659114904
100110000279720308
101001000587616414
011110111337617015
011001000627119814
100111001309915615
011001111258415509
101011110709616108
011011011188819013
100101001269719610
010000101627415013
110110101626515409
010100011257218307
111001000776919015
100101011239518004
110101010666220011
001111111187815108
000001000809115113
110000001596614705
000110101696015010
101011000677417709
111001010709018113
101100101596916611
001111010308720206
000101000237220015
110010110295718614
110010110608819006
100001000278418504
010101011288218613
111010010456016310
011000011449216505
101100100246220715
001000111589818504
100010000438318414
110000010258519605
100011101459617715
110010000769115110
001000100718319305
011101111568516305
111011110487815409
111101100798716813
111011001629620713
001011111269320407
100010110308118307
011000101525720111
111000000666519310
100011010309317409
011001100328220911
001001001527017113
001101011417916906
100101100357216415
011010111586819904
110010001558514708
010001011577620009
100011100269018708
000001011407816706
111100111516321013
010010101676320711
010111001366014709
001100101759114614
111000001186814713
000110011579618810
110100011379915110
000011110215919605
011100010386918710
101001001625618209
000011111367715707
110011000646317911
101010001506320608
000010100429218814
110010000657317909
000110110659415006
111001111447817415
010011010527716715
101010110228117913
001111011558516006
111101101527019813
110101110579519106
100000010368920408
011101000209820413
001011111209320109
000111110758716011
100000000656120413
110101011238314810
111100010259418311
000100000507220207
111100010427814909
001010000748615708
110010010556219214
110100010698717915
100000110507119908
101011110518216009
101111010628216906
110001011766220912
000001001439718506
001111100319416404
111110010419620513
101111101466115114
010101101727919108
001100100717519915
111111001237318311
010010000458018805
111110000726416909
001000111426314709
010100101429420905
100001110638318413
110111010686420205
010010000735820206
111100110709019114
001101010259816607
110001111328214810
100011101445515413
011010010759118009
110000100306816705
100100010289919014
001101101266214611
010111000395718604
101000110799618810
111101110399018707
110110011217820613
010011011639616606
010001000276015504
111010000245516707
110101000649715410
101011010387515415
011101111567616409
001000010356720505
110110101769020608
100101110525915806
010010011568615807
111111010548319713
010001011517116713
010101111269116605
011000001495720408
001001011727217415
100001100216017609
001100010309415708
001011011775517607
101111011676520608
111010110807518706
011111000615619805
100110111569120408
001111100759315111
110101001749520414
100001101235615111
110011111367414706
000010001259218804
101011100429815110
100010111347816414
010001100796120204
111000111537119010
001100000277415413
110110110656317708
010010100757718208
110100000379418607
101110111719218312
100001010776816513
011101110675919112
110100000448220309
110101110339019910
101011101536215308
101110101318516508
011111000318117108
111100100235918612
101111011388417610
011010011269019211
001010101718816115
001001001547615408
001010010586118115
011110101238817207
000001111539219305
110011011399817104
000111010205519809
011001111738414812
100011011797920704
010011011307917609
010110000215920508
110000110517816510
011011000599515415
110101100699816514
110000010468214913
101010101227915105
010111111517420707
010000011285816909
110001111315615907
001111001388214505
001000001395918912
101101101617019112
010111001406317305
011001100207618214
011001101216819205
100010111377614612
110101001277015814
001001100796716607
101000100297320011
000011000419214614
111001101756717207
010000111469215708
010110111747420812
000011001456817105
001010111307518608
101110101406018705
000101101579120715
000110100538319809
111101001569316612
011110001515918615
011100111489915007
101100010636916914
110111101708418213
101101011776218406
011111000428715314
100101010198518714
101011111547918809
001010111586818612
101100011557318509
000101110636118104
110100001507415910
001011101306917405
111110111696015905
010111111636515807
111010000379920904
111001000358817407
011001100429618409
101001010467514810
110001001725818704
010111110696915411
101001110515615812
101100110686218213
101110010727820414
011001000348416606
001101110609715205
010111010436215612
111110001798114913
110000101406520313
100100110277418704
101111011606518904
100101101287919115
010100110627917211
011001101385515414
101100100216417104
100111100396121004
100100110636118913
010100101777616805
101111011405618910
011010110519117514
010000101786816912
101110110217919113
010110001388720806
001101110796817104
101010111357918305
001100011287018909
010110001577020912
001000100567717910
000111111377418904
011101100336917604
111011001585620011
001111011548614811
000111111468115813
001101001638515504
110111010709219810
011111001498617008
110000010478816104
001100001285817810
001101010576418309
011001011539117307
000101010497519414
000111001677619109
011110011228917809
000011100496618011
011011100539815905
111010110479715506
000000111806020710
101110101378118607
111100001336716904
011011110196917614
111110111647218213
110000100538319106
000011000716820014
000001100617214714
110010001478720611
011100000626717707
001101000668320905
110111010445917304
111000010557017915
010001000607815309
110110111377417914
011111100697214705
010100100799614915
110101100226921006
011100010769814813
111101100768115604
000011101408119605
101110111605718313
000101100489217413
100010010637215506
101111000536118911
010110111615816515
111100111279919414
001110110556520707
111010010729415309
010111111489519713
100011111445620104
110010001796120214
000010011189616407
101111011596317710
001110011309320806
101010101636317514
000110100227620114
100011100557519014
101100000279118411
111100110249720914
001110010238714609
010110011659815011
010001000778218415
111101100737617507
010001110548019210
101000011519717213
101010101565520212
101101001698818112
101101001247520707
010001001696818309
110000001658020112
011110110237016611
011101111216617706
100101101578418708
101111100459716304
001101010719018713
111001100655916515
000111001418719407
111101000276117911
100100100196716905
111101100388616806
101101011229216908
000101101638016805
100110101677616307
000101101329418412
011011110347715909
101010011357415506
101100001749620104
010101110458520908
101110010319714712
111000011589119409
010011111386219013
110110000489717005
000011000557319514
111101100596117504
100000100626015510
000011001807818506
001011010765619208
100111100669814513
101001100206820014
010111000716116011
110001011489920014
110011110639020806
011111000525920815
010000001408316806
111010111369716211
011101000767020713
000011000189616808
101111101788618210
101001101596218806
110011000508518914
110100000195916510
110111101377816808
100111000196216313
100001110269818615
111000000436919109
101010001346719708
101001111646219705
110111100526815808
100110100278017410
110000000257920505
011001100777518504
111010110437418214
010100101548418604
100000110216416608
011011010659218708
111101001305620107
000011100587517913
000001001358716311
111011100427616814
100000111637215608
010100001496318013
100111110549219515
101100101395817014
101100101748317607
100100100776315904
000111110756017305
101100000529317710
101000010499719912
101100001705618211
011101111369416514
001101101258620408
101111011606121007
101110101207714914
101010100549614705
111011100279420707
110111001417419404
010110001266219304
001101110408219212
101110110369414914
010111100499916413
101111100386317509
100101011307117312
011101000547519611
101000000326320207
000010001729218305
110001011289315504
011111000585519004
110001001729518904
111001110766815913
000010111337017309
100011110687114811
010110100367818606
100110000246015304
010100010628816007
101100010466714708
011101010777919211
010001101446420911
110010101287520610
010100111237217915
111011011338319611
100001110485517407
100111010285821014
100010100798714912
110011101249818109
011011110348215813
111000111356016813
000010100239816207
011111000509718111
100110101455717712
101100011559014615
000000101239315709
000111001787617110
100001111568316904
010011101246617007
100101110646214506
001011110389219109
000010110609715909
101010001589516612
011011101617516006
101101010809915408
100111001797018014
100011011639615111
011001101776718711
100011100477616005
100101001719216507
001110010187619912
110110011346216006
110011110569814706
010001100255916610
101011100536918812
010001000698617914
001111011209418106
000000100516919414
010001010397916915
100100000229715311
110110110456119312
001001010298917915
010100101478115811
110101000397217708
000101110348215612
110000101198218815
101011101725617213
011000000357617815
100000000586415406
010101011496619607
111010001289016912
100001101639616208
110111010548019807
000101011315620309
000100000285618212
100101000797120210
010101101806918605
100101111348320108
111001000687820312
011110101746616912
111010011557415105
010011000446820815
110111100325514806
110010110389515512
101100000279021009
110001000528414504
010110001577916704
011110011199114814
001100000807717707
000111110635515014
000101100796016504
001001111227919514
100110110498815510
010001011448419510
000010101466316113
000001000267419707
110100111637714906
100111011206420909
010111100309120304
110000100788420708
000010110777118408
001110110329815311
110000001506515010
000000110338220405
010110101629120313
000111100727919408
111100111717219810
010111010659117912
110010011378515714
100110100618020314
011100000348418905
000010111296619405
010100011616121009
111101010388217210
110101111239116614
010111110706615914
001010110248915814
110100001228218708
111000111476320110
000010110226514613
100100100549615913
100000111199918607
010100100507716512
111001100377918508
100011100209020209
101110011189516414
100110100497614705
110000000576618115
010011101288519714
101001100608219306
110101010496815313
111100100305616914
010010101779314804
010100011719915806
010101100327117404
000111000378918608
001001100619419712
000010011189619712
000110110408914510
010011001577220111
101101101409415907
110000001787419111
001111100245518706
100000110357320809
111000100289416612
000000110807620007
001001010608017012
000111001368919514
000010010518819714
001000011467420315
011001000495715515
011101100426717906
011110100659717810
110000101209319613
101111011607320504
010110100519520610
010100100335817009
111011011368719710
110010010299915606
010001110686419714
101100100346718312
000011000767817109
110111101618219609
011010001476419309
100111110705615214
001010010628718412
011010111755719406
001111100506115712
001101111365814614
110001010325516706
100101010726316614
111110010677817310
111010111567320406
011110010526321008
001001101487017511
000101001688115507
110111000309217014
100000101756818008
101100010646518407
111100100388518314
001110100369018214
000001001366517412
010001001748215610
110011011759920313
100101010335615612
000100111257916111
010111010749620515
110110111488815512
010101110356518311
101011010598817805
001011111367320005
100001111307015909
001101001668320408
101111101227515206
010011011516720313
100010011665716514
000000100296919705
101110011348919814
001111111576318112
011011000229017712
011010101276615015
010100010359017209
011101110189815414
110001001508615211
110111001658617209
110010000676718109
010011111307820807
100110100548417310
110111101278017407
111100101676017904
111101001289716705
110111001575615304
011111010478818911
100101110279419805
111000001628919610
100000011278618513
011110111376314515
111000010718218310
100001011185720307
110110111708815205
110010110246219705
101011000398916808
011101100227320605
000001011328216505
101110110305916214
001001100706815310
101110110668317707
101001010259416605
111101101427419211
000101111568218108
010110010767717611
110011011628520104
011010001658320205
001001001509917014
011011011338416913
110110011248819912
011100110617315704
000110100697915910
110111010607919606
111101010308818805
000010010355818715
111011110709516307
101010100649619407
001111111188517708
011001000548619915
001011101726719608
110001110517315106
100011100229616414
100000001779020315
110001101377720911
000011001406817713
011111100217819905
100111101556316412
000001001656817111
001001101597515610
000101011257521006
010001100795517108
101000110386920106
011110100626119913
110001000665615612
011000100267615008
100010001255815510
101011111795515111
111101000599719011
110111101196217907
101010111405816410
100100000205520115
000100100276118615
011011001249118009
110101100328216515
111100100316815512
111010101347318413
100110110216518214
111000110689616913
100000101397418612
011100101476718405
111101011627119705
010110010389916114
100110110788616406
100110110638719206
000001001685818414
001110100719316515
111010001326720708
000111001598918211
000110010799314614
101010111736514707
101100110649618207
100011010506516208
000110100236916110
011010110496715912
000010001626817505
101010100498319913
010000100277419408
000000110299919407
000111011308518408
001101100239818015
010010001185618906
110011001376519606
110011101736716214
011101110749120514
000110110539616615
011011110419419612
010001000479918212
000001111676519714
001000010307320512
001000000415920813
011010011437817210
010011001535720213
001111111607015808
000101011246719415
010010110626715204
111111101376119109
001011000648518204
100000001579817811
011010110296019508
000111100238320411
010110010488519706
100000111776719004
000011101496720208
011111111616316008
101010110238815415
011010100196518904
000110100429219807
111000111706016711
101111010359716714
110100010808420212
110111000575515808
111111001459215112
000000111509717211
111100001319821009
111010110567415209
011001111556818106
010110100659917807
001000100678718715
110011101757218407
110110111597115415
000010100198318506
101010010456320414
001010100627714915
001010100637615609
110111110728719707
010011100368314810
110000000435619413
011010000376018809
010010001525514605
011010110499815006
011101011597516510
110011011737615804
000110110709115814
001010010577519310
101011001799215612
110011111807917014
100000010536017406
111101100337114512
101011100287919511
010011110557717305
000101011366216110
011110101648520313
001000101286719210
111000001448220510
111001110789016114
001011010409720114
100100001479717710
101000011629418611
010000000656616907
101010110747318505
010100110196519509
100100001288816614
101010101455915704
011000110458117809
111111110395817207
000100110395516706
101101111537217704
111011101227120110
110111000799814911
100100111275614807
011000110487617813
101001010668820805
010010001209119206
001011000227518912
111110000298815814
000100111266715107
110100110418818304
110101010328315604
010000011275618909
000010010407216514
010111011608619604
011001101327715907
001011100209020504
010011001735816211
000101011666314508
001000010278516807
100001010658719513
010101011509316310
010011111718821005
000100100496519811
110010011448014612
101101011466115013
010011101689517306
100110000769014713
101000111436714912
100111110186918305
001001110509118310
110100101686915411
011101111268820205
001011000667917509
010110010609920207
010100000318317612
101110101278118304
110000101489919412
101101010418519714
100011101796417715
101000101617818408
100011111208319114
001100110228516705
100010111567015007
000001000237819811
011001111736016207
001011110755718809
010010110527214710
011010001517617806
010010000579818204
100110011765817604
110110010227315812
101100000648619506
001001111209520712
001110011517819806
101101100236517412
110010100417217004
100100101586515506
011101110387214714
100100100539118004
010001101709015808
100111100749316008
010001101378114914
111101011779018304
100011111677916709
001001011545614904
111110101507815915
011011111316818306
101100101219816509
101100111709216111
001010101499914608
000111100647816710
101001111238116309
101011000407017104
010111000496614509
110110010808717812
111111100346715408
101100011718517406
011000101749618513
011101100288215712
111101010355616710
101100101368920612
100000101208519008
111010101539714906
100001000459715106
001011011227317908
110100011249118212
100010000749915405
011010101439316913
111010110469115206
111010011407415714
100100011738318407
101110111348114614
001101010468917709
100111110469820814
111101111477317313
001111101437518905
111100111218020011
101001011328119006
101111101699918405
101001000289818312
000000110245720810
010011010307620010
110100010186919013
101000010496918606
000001101295617305
101111000308616012
010000110766516009
111111110376816906
000000111696518007
001010100676119612
111000100208916404
101110100548518208
010011110217620505
110100010248615810
110011101199814704
000101100227320505
001100100269820904
000010001409318106
111001010666018215
000100001337516414
110100110477518810
001111001528114507
100111100468817508
110000001469120010
111100110799616209
110010001659515811
101111001606214506
101011001448614813
011001001606315904
011110010376519704
101010000666517811
011001110757017010
011101000308816314
010100010728119009
011010010607716413
101011011345719707
111111000249319309
001100100368620408
001011011537716606
011111110429714708
000111001326818205
100100010477215612
100100111345515513
000001101676320815
001010110578117209
001110111199515405
011101011397318308
011100100277816715
100100011737615714
101000010378717005
100011010216719215
101111101316917010
010000110769715513
011111000456219312
110111100277520608
001010100637014912
101011000187717908
101110110248617206
111010001678219808
101110101265916010
110011101609917406
111100000288920013
110100100439517906
100010001387316208
001101101395917707
110011111495618611
101111100778516614
001101100458319515
000011001538316204
100100101627416311
100001110226414905
010101100737315305
010111010789714908
000011100697118306
010011111395614915
001010001378315909
100110010677716514
010001011697216015
110101110275516414
011110110547417108
001101010588714506
000111111625915110
111101001397519210
001101100338117313
100011101189417612
101101100776319606
100000101357217715
110110000198115707
010111001408016308
001111110779119905
010100100298215609
110010110729216807
100000100438215109
001000011338719006
011110100546918611
111000101396118012
111100100357916609
101110100706914908
101111111687515008
000111101806015304
110010100195717610
101111011666015015
001110110709918014
000101100586817206
011001010596319110
100010110728217204
010100100606116808
011011100536320404
010010101349120009
010000101678018206
101000101345919609
100111001419719404
011010001506817010
011010011599920310
110010011418816805
011011101627314613
010101010798915806
100011001469416914
010110001348114813
011010011537116606
011010101678415110
111010000387817004
010110000789419806
111000111607817808
101010110707521007
001001111597418309
001001101809619612
000100011259118812
100001000398516109
110011100377218007
011100110488320305
000101111499917312
100110000628217705
101100100605817505
111000111659819608
110110001756019407
101110011728718311
000001010436115714
001111011766017010
110001110667217006
101011001375816010
111000110479417207
011001111706619207
111110100249115212
100111110569715111
010001010406717106
101110010589516006
011001110556617408
111000111355718210
010011111298618610
101101100298115311
101100010336620106
101001011648315407
001101011689419108
101001100269415409
001011100377815408
001101101405718113
100110101437114911
110001001329318211
010101110696516413
000011111688718107
101010001447616706
011110011347717107
101011110417018014
101100000796814807
101011000225514804
100011111437620507
101010010639918112
100110110677820709
110010000195819109
000011001417514910
000100110216617709
111101111739420507
000001110448018405
100110110655619711
000001010607620315
111111110408119813
000001111377315711
000101001466218608
010011010787818809
100010100787216409
010001010186217114
110100000226415109
001010110498417704
110100010359316710
010100110386116512
101101100359015009
111011010637116511
010000000287619310
001101100188116815
100000111425717813
111000111435620908
111110101547218609
001100101789721006
010010110326117413
001011000578715612
011101110639317510
000011101389216711
011100010697815811
001011100657518404
111011110215719713
111111000388120614
011000110745820704
100111110299219904
010110000555719512
101001110708720812
101100111525615810
111000011498318413
110100001469620108
111101010717719111
010100110679118713
010001001788714709
110100100388518809
010000011697917107
010001111737517310
111010110209417011
001001010745514606
110101101246414905
011001001619616313
010000000207715106
010000010237615011
101010100709615612
000001000289117307
110010000386815605
101011001776915111
001111000356616615
100011100807917311
010001110376116404
011111000756319308
011001111737415308
101011011469520614
011000101507420306
110001100758718210
010000010756118813
101000111215719513
111011010325717210
001111011189815709
000101111346416012
101111100535619211
100101001626016806
111110101458915110
011011101237217006
000100000685617713
111011101215617011
110010011279216413
110100011789615504
001100100235819606
101000101619917207
000111000286215012
001001110707014707
111100011459717605
011101101506715207
001001000456116510
110010011238115106
001000011257415313
001111111789015313
000010111466618009
100001110358018613
111001001796114809
111000011298118311
011010111227216215
110000111627117114
111000010479319806
011000001489515504
001010101768414715
001111000538217010
111101010726020112
101011101247518612
110010101598720314
110110001465815813
001101111207217708
110000010618918113
100010111659320405
101010111567017408
000111110496519211
001011111499917112
011000111487618715
111101000278120109
101000101318720908
111001111546920204
001010010447016708
010001111596216404
000001001237020806
011110001567715009
011010010295720310
000011101228016408
100000010729716612
011100100729615713
010100000607318410
010001001346420108
011100000347420315
101110010189721015
111101100298320108
010111111569819106
110111101339217512
101100100188318011
100000101677816307
100111101527316314
000011000639819608
100111110689019512
010101011625919615
011100100297917014
101010110417718607
011001001689618215
101001101386018405
100011011239119713
011011101518820310
011110010377918906
110101100208516611
101011101548618806
011101001187219615
010011010639318405
101100101368519713
100100110707117512
110011101767115710
100011011689415614
001000000557415704
000100010467716809
101000101549819211
010011101309318812
000110111208018505
000111001236316305
010111101749716015
101111110498717509
110010011239515214
011101010598316709
101100000339920905
001010101675819411
100010111606320114
101011111626414508
110111100718419209
011110111196117114
110001000229315004
001000001705520115
001001110436918211
101100100698316509
101010001718319404
110000100267419507
111010101486019414
000001111418318407
110111101567220510
111010011258418711
100100100296319807
100100011498918709
101100111728019014
111010100476019813
010000101268718015
111000101487616510
100101010566319308
101001000527517206
001001001346517915
001101110608018204
010000100605718205
110011010696216004
110111110225720205
001111011749217606
000010110588120413
000111000239615214
010100001738118011
000011110508719815
100001011779417206
011111000629119508
110110100635616204
011010001457516015
011011001578516810
011010011598716106
110000000689419208
110010011709720605
111010010238116309
110100001657917015
110011000546519710
101001111479118113
000010100586314907
000001111739515813
101000010517919805
001100100365616905
111101001499718106
010001011526020405
101000011466615415
111110101277016113
000010110458817813
010110101319217415
010110010226916705
010011010187417009
100011110636719905
101011101246814815
110111101419715512
000100110198719006
101010100778119211
000100001686220214
111101101558717114
110110101186919012
001000001229318612
100000100269617206
000011111625916715
100010110458819215
101110001507120605
000110011277120407
010011010199720415
010011111215916808
001101010218719214
011111110448920709
001110001587021014
000111111198617715
110101001236217307
001010001657315214
101100011307715311
011000111266718106
000110011798718609
010111100466717507
011101010526914809
101110100616615215
011001101699615308
111011101676815911
111100000377517711
000010001725715207
101010101439220508
010100000548020413
110000101559517007
001100000766116413
001101011619720609
000010010218721004
111010100355620615
001000110185720613
111001001557120111
001100110428316312
110110101568117104
111110110637019607
110000110389620612
110111011288219309
100110000247420010
011100111407016209
010010010458816011
000001001479915708
010011101679620009
111000110748819614
010101010607315310
110111111789416704
111000011248919414
000010001286616906
011100011627117909
110111110386315607
010110011616020110
000001011566718412
010010001629016013
011101110318720605
000111110195519911
011100011327215308
101011010296920308
101101000707518205
000010100435519704
011000010329920911
110111111579918305
101010101716318704
001100101479216305
001111011677415110
111101100698419810
101010111266415809
110010111556617904
100000100658719405
100000000406517510
110100100527315304
010010001406020509
110100100545815208
011010000379716210
110000000217416206
110101100368014710
101010001787318607
101101011648316907
100100001418218113
101001111199016305
010011101185616211
100101000609619404
001010000526620114
001000011556615905
101111101216815610
000010000589615212
001101101497618606
010111111295819612
001001101776218011
110000101536317115
100010100305818908
100011000268014504
010011010346216615
101001111556319605
000111011195715814
001110110447715413
001010111218218508
001011010537018212
111100111465517510
000110010417816806
110010111556521008
110011111379814915
100101110678916005
011110101647617607
000010000728119015
111101100778417407
010010101356418507
111000101266919305
011001110238217204
001110110186918107
010001010705520615
110000001349017215
000110001658817206
101100110599420906
010011111417718207
111110111226218313
111010010616615510
011101111336119604
100001010315519211
110101011298520504
111001111199019210
100110000209017005
011010110769420906
001011000256615513
101010100699817610
001111000808414514
000001110775816013
001101101377214614
000011010636716614
100001011615718904
110000000327315704
111111001208615110
111000011506014914
100000110449718914
100100011798419607
010011111659016810
111000001748019106
101000111598814908
000111101238221006
110101100288818615
001000000776019504
001011111309719606
110010011659416106
011011100316919309
010001110509118404
111110101266419104
100001011358116115
100110010709715104
000101100658117105
110111010789920114
110100001346316911
001111100799115209
000111010597116604
100111000468518804
010100000668214912
101011011717414605
100111011268715715
100111001249916310
011100000686915606
110001100298919415
001101011686319610
111101101297720112
111000101397915111
010000010477015605
010111100755516806
100110001656115215
001111100499020109
010010111195714815
011010001807014715
111101101799516611
101010001476517808
111111011605916413
010011001809317211
110000001747015509
001001000797815407
001001011809919206
100101000319520605
011100110458214913
000111111506616908
111001011527117207
100100000249717608
000110100558114906
001100101616014715
000100010286716709
110000000356815907
010000101417515608
000011110469520505
100101011727317512
101011010339421004
101111010329918214
001000010478419005
110011101448315104
110000000656716106
010001110425916308
100000110239418810
001101111716115304
110111100418615010
100111000695917815
010110110526017809
111010111626418211
000010110258818209
000101100768817607
011011011268819708
011111110499517104
011100000237015415
011110000306216907
101010110285816312
011010010226715308
001010110529718804
001101101757619804
100011001369016414
101000110585914613
110111010488720606
010111110738918705
000001011488820906
110111100469519709
110000000456918209
001101101616516213
110100010769720507
001001110445920106
001000100458215114
010111000378819208
010000110727617506
000010001717114907
011011010788414811
001001001315719610
001011101537719506
000010011466019413
010111000449820705
110010001308115615
100001101297417308
010111010308217306
011011111575815005
000001011297919804
001011100539318905
101010010636817710
000001110519415508
111000111257620107
111011010729318206
100011111589317207
011100000795918714
000001010466917905
010101010569317704
111011010266314907
101011011296920407
000101011257918804
011101010758919212
010010000725918412
110101101416519314
111111011339819007
000011101389017011
011001010595915206
111011001249820511
000100110798521014
100001111479418909
000101011217617113
010001111415518604
010100000549415004
101101111198320108
010110010399619613
101000110378516804
110010111388519313
011010111506919510
100101011787614614
111010000668119315
000110000628415815
110101001706319014
000001101196619513
001001000719317606
100010100228116705
001111111577719113
100010110467615205
110001010517320114
010101011646820012
110100101799716209
010000011427314713
111110111279318312
010101111599715606
111000110437918712
000011101349220212
001100110457019714
101010011408018114
110011110466617713
101110110249820709
010101100507819005
110100111295716304
111101100269718112
111100110238817206
000111100799117712
011011000538918109
110011101338916307
011011110206919514
011111011488618711
101010011327316613
001100110517517304
101111000706719408
101111000755517914
001010111199914511
001110111585717208
011100011388116115
000000100336719208
000001111686314907
001110111708519607
110100100478414607
011111100185720606
000111100666915505
011110001399715013
111001001487419409
101101011757717812
010110010367720915
001000010787417010
100001011249516412
001000001535517906
100011000229016905
101000111458020515
110101101616315414
110101101718117709
000011110439319707
100011111238120814
100001010668119007
100110101186915313
011111010198218309
111110101528016106
100011001337914814
111100000606015207
010100000249515513
011010100477519608
001100011499518713
001001010556720710
001011011745915908
011010101606917511
001010111689319411
101011110538320005
010101011199216108
100001110639317708
000000101726515606
111111010539215312
100100111396916311
101101101558817810
110100011399015707
101010101716120306
101110001335915908
111111111688216210
010101011688216812
100111111285914909
111110000759014706
010101000398315213
110110111437620011
001101010327216613
101001111427914515
101011000509115104
001101101185620211
100101101657816607
011111101628417409
100010111436720410
011001100288517011
111101101799318909
100100101805719807
101100000489418705
100000101268519407
000000110699620207
011110011739714610
001101100716620113
111010011695919113
101011011276418604
110110100666017204
010001001796917409
011000000528320506
000010101349216712
101011001707020905
010100101587716007
111010111807819610
110111111638215913
101011100618015908
000111101558516905
011001000356520809
000010000247916812
111101110396019715
100010000715918611
100111101566820907
000011110699118410
100110000785820004
100111000616519509
111000000746515705
101101100607416713
110110001238718115
101100011205717008
110010110658414908
111110001598517209
100000101297316808
010101111496917304
111101000466415207
000101110647615806
100010110725818206
000010000359117507
111101010675519314
010010011306920104
101001010808718705
001000010199117210
101100011596715411
010010100556615213
110010011329315711
100001110579016004
101101111377219215
000100000308518211
101100010589120205
011101101498816913
010010011667517013
010000011319617306
000100011729420208
111000110205919208
110001101677015404
110111110658816110
101010011509018513
100001110626915605
011011010329020006
111110100417315008
000101000378215306
111100001358817811
100010010696015307
100011000246117415
001011101327917815
100010111246920006
000100111358719715
100101010449315805
000010100438316806
111110110499615007
101100100486120811
111101000346418509
101001100656616415
011100010255920607
011101111746619413
011110010457820007
110010110288018905
111011011256820310
111101000786016906
011001011748018106
111010011746416709
010010100675719406
101000000486717811
000110001659520110
010111000189715111
100111001647917413
010000100367416514
001100100407019709
011111101676320914
001110110516216210
011000000278615115
110110001665917004
101100100536419808
111000000267416004
100000110599917608
000010010448519304
110111100486214914
111101111375915512
010010110216318913
111100100477719010
110010000789114905
101001010199518805
000101001618319807
111100001348517213
101000111399419809
100010001585818213
010001000265818211
111010011196718213
010100100229220810
100110100516817709
000000110497114812
010111101808516509
010100001297721011
001001000528519910
001001001246418109
011110111366818015
001011001238619904
001001010717116308
110110001475814806
110111101266916211
010101100429019206
101110100199820112
101001100238717604
101110001198316511
101000100736616412
100101110718117712
101011011666918312
000001110425819107
100100011769216106
001000011555917509
010010010568419308
000001100628618914
010111100655720509
110111011186620815
100100001455820311
111100101246918606
010101010305818014
100011001738716510
111101111789016607
010111110198518615
100101100726917504
011100000446219107
111101100209315409
111010000349820604
100110001366416510
111111111267716315
001011000486115215
011011101647016606
011010001365620109
000101011386018415
111101011648915409
111110101558019308
010000101688121005
000110011579518011
001000000287019506
110010100197714613
100000000539319005
111100101216315506
111000011388017815
011010000558215110
001110001435616414
001111110685520610
001011010498418010
100111101729518306
100001001616515512
110100011786417805
010100000337016904
111100011366917910
001000000807715311
101010001758519407
101001000588516610
010000110685718712
000100000457616510
110100110489616207
101011001487615507
110111110337617012
100010111739920306
011001101275716214
001111011729014615
110111000328321007
101100100378419610
011101101319514610
001100101529418705
100010111707815111
000100111389315704
110101010456215608
101101000537518711
100101100636016808
101011110229315607
110001110368618005
000110110617016613
000010000745719415
001110111257114913
011000111588316207
001011100686819005
010101011489919810
001011110388819908
011001001688320504
001000111628320106
000010110456515107
100001110369715805
011110000717918115
000001100679518706
101010001247215806
010011000507816411
000011001455619606
111101110367319407
011101000368520507
110110011519719308
101100101248816310
111010010748416506
100010101408518804
101111100595815106
111111000276117712
010110001566714813
101010111719617010
000010101239718706
001011000748419109
110110101589517113
001100010689720610
001011000557115204
001111100419315110
101001100338414815
110110001299919207
101000001398215708
101101101399618713
000001101609515505
100001000537315013
011100011385614515
111100111616121009
100011100758118312
100101011686916204
000111000706515108
001101110627815115
011111110248819307
011001000219019410
110000010257818915
011110101318816510
110101011645917412
111011110429716315
010001000207618412
110100110319815904
101001100645615912
010111000359114613
110011011518218410
010010111749215104
100101000539618114
101011100218118015
100010101369415112
011011001426316215
111000101657620510
011000110467319011
001001101666816705
010100010429120212
101101000389517610
100101000606319008
000000100215615611
111010101636917414
100001100345616509
101111000377215710
100001100269317206
010110111599419004
000110000338514814
100001100785916406
111111111329521007
011101110497219404
111101111559516213
101101100516720910
010111010568919512
011100010278718115
100001100359416512
110001000405919513
001000101698119711
111000101308316207
001100001507919614
001100010227920708
110011110486318111
111011110688816608
010010010759319204
001100000299214609
000111100257214513
101101000669017808
001111010699716010
100000110206115910
010101001338014510
011000101676316505
000101000247914815
011000011449617811
100111000578917015
101101101787517712
001001111218517306
100101011368118411
100001101588920405
011110111565815807
011110101246319504
111110100599116010
010001111207718612
111010011598519207
111100100665516013
100111110278114604
001100111527820404
111101010185615407
101011100608217607
000101001567818404
100011100496515106
000000111746816714
101111110247519211
000010011587719312
100111110625615412
010001010607014907
010000100729417214
110110101429319404
000100000207319006
100101110238614513
110000011518820906
110010100265919404
110001010499717015
111000110579715315
011110010516619408
101101010348615814
101001110199617215
101000101298018311
011100111746616407
100101110219816015
000010011427318811
101001111186819008
110111110568020210
001101101265719510
011101011397015707
011001111809520013
010011110406520014
111000111756515404
001100111485820012
001100110486720009
101110100726220211
100001010609919107
101100101216818615
001010101729020010
111010001509720512
110101011305518007
001011111797716911
001101100479317412
111100100255719606
100001011709820605
000001111648617108
001100111518919804
101010011227617413
010000101546317708
011011110526816311
111001011276720913
111101011375617315
101001100765719113
100101100548520315
100010101227015109
001011010338116114
100011100588816514
111110110607119015
001011001216817904
001101000326620614
011110110636920715
111110001638219807
001111110747317307
111001010659615411
000100011486719911
100100010539717615
010100110737517905
011110011539520908
111001000368217407
101101001719117611
110111001747318205
100110000759016815
000110111427216606
111101101756120106
101111001536021008
000110011739717915
111011111427414811
010111010448414709
010010100597919109
101011101495821007
001101111218917014
011111001787517104
101101000229219415
101100111709420805
000010011377420609
100001101428318407
101010010468820008
110000100236118607
000110000558920506
000011000317920809
110101001627320405
000011001286016508
101010011466316404
110001001419619612
010000110549220906
001001010609815504
111101001197514710
101111000228815810
101010010465918407
101000100418215614
100010011696420012
010010100448918006
110010100689815106
111110001459817404
110100010536618612
110100110308716507
000011100689218014
110010110449014807
101011001365719109
010100001296615405
011111111365715008
001000001548516314
001000001317420912
000010110236614506
001100100575816415
110101001465516706
011110101628218513
010110101349917606
011000111806121006
100110001619215114
011001101559815515
100111101727017011
110111101675615705
000010111376219110
001000101448815207
100001111338219805
010011100686315807
100100000805715808
001111000775620012
010101001305615511
010000101589319009
110000001727116412
100101001236514811
111111001489917806
101010100757716808
000110010349619807
110000011338214705
110111011588818707
110101000236715112
110101011546520208
101000000567215710
100101011577416607
100000010576115906
001001010506115610
111010010219818612
101011100715919605
001010010197915007
110101001396814714
010001101285718912
011001100515617415
011010110438518805
011100100695617912
001100011608816209
001011000385516206
110100011307620909
000101101506919713
000011001528419007
101011110687720314
011100111615917915
001101001726117215
101011011608819209
100001010438918815
110011101706915404
011101101388518809
011010111725919007
010111101506215311
101011110428915711
010010101488916913
010000001479720912
111000011487217709
010100011737918411
000100000799815909
111011010337420014
011011011247117905
000001001609820212
111111111686017312
111110010268115110
110010101447216609
001010100355718513
010111011539118715
111101110239917404
010001110278716414
000100010547417210
011101001286917712
110001100438615210
010100100269720114
011110001689919811
000100000696815709
000101111287518406
011001111539314908
011110101448520211
101001110428420606
100110001337717105
100110001407920613
010000010678521007
100111101515815510
110000001717917512
101011011776714712
101111111276517815
010100011585617513
011111110199119712
000001001266819108
110010011298817509
111101011477020815
110000001808917412
011000111477116514
110010011786114710
000001001549814910
111100000457520909
011100001606415904
101100000506916314
001100010708217113
100000000206620306
000110101426316311
110110010326220707
000111001186516206
110011001639518813
000100110225815612
110001101769118404
100000100479517912
000111110446116915
110000001369219307
101101110458820614
010111110756416313
011011101407516014
101001001308517714
100100111228515211
101000000608615507
100000010637217408
111110100516614506
100110000306220405
110101001627218209
110000110577719315
011010101589318312
101001101726217309
001110011646214612
110110000535519014
111110001566321010
110010111736119604
110101110727520805
100111100437515714
001111001587419809
011111010307220813
110000010499018204
001000001729516208
000001110277718709
001101111559116309
100111001587617810
001100110287817304
011110000637515015
110100100516618313
011001010757316210
111000011499814909
100100110365817411
000010001356416211
101000100397514709
111100110678719815
101111101189215307
010110111759315314
101110111667814614
001011000359018611
010101011757616709
100000000229118906
111110010756015510
110001110406218409
111011010647016511
100111111659915806
011000010229415208
111111110618716014
110110011396319006
011111111756818011
100010001579019505
011101111268419214
101000100687018407
111101111486320610
001011011498420705
000110110798520404
110111010668619808
010110100649115007
111110000707920411
100001011639119104
110110101656519211
001010011739420914
111110111615721005
010011111485916006
111010110738614712
100011000318117813
111110100199816813
111110001459314708
100010010498815510
011000101209117814
001010001219620912
000110100658419914
110101111436319212
101101000406814509
111100100417017512
101000100598617908
111011000407719915
101010101467816809
101110110788315907
101001101319318707
001001010557119914
010001111778716415
001110101677016512
010011111507316913
100010011427017708
001010101498316613
110011001217215907
101010011487417215
000001011198115610
111101100758516311
001110001736014511
000011011477920606
000001000476615208
000101101467916107
110111111347220906
010100010677614609
011000001625918015
000001001356015411
011011110205516108
101111011698816607
000001100378617507
101101001425717704
111111111259020608
110001011187418214
111110010376318011
111001100356715814
000111111558219205
110100000249716414
100100010758620607
111001011565617206
101010001809519906
100010111399217305
100010011288619805
000010000778720204
010101011768415515
111000000615517115
110000111268517904
101010001647619406
101011000536319813
011011110395614705
111010100518316009
110001001315920810
001001001676319515
111010111415918609
001100100738016911
001000100285815004
000110000596717606
111000111728217605
000001100499818311
000010100396419312
100001001797317508
000111111577315714
011111110559418214
111110100588721013
100100101806018811
111111100387819011
101010110787718404
110101101657219813
010101101546020809
010010110729617415
110000101738515312
011111111756220414
010111101345515206
001110000207318506
011001110478119313
010101011499220408
111011111298019613
010100011449016109
001011100776217406
001011011226419912
110001100305915305
101010001519116313
110111000359618808
011110011718917006
000001001558816115
111010101196119514
011011111478717609
111101101539017306
110010101517115504
000001101678715810
000101100798015508
110111111566117705
100000100567018610
000010100695521015
001001100749920108
001101011397816904
011000001759720405
000010011588715410
001010011708820011
111001111516117407
011011111479517809
110111101555715612
101010000468118808
110100111199415704
000001011458216511
101100001789716514
110001110269719015
110001000449019411
000000100416120409
001011110758619608
111010100495517413
010011110627120908
111100101398516811
011111111418919308
011110001657716708
101000100709121013
111010001746017212
111111001298419110
011000011768920508
111000011326219311
110000101699116414
010010000245817604
101110110397318908
001100000539017410
010000011718317808
100010011336215304
011011001417917714
101110111588319305
010001111327915907
101011111349616613
100111100237316909
111000001528616414
101001010197119106
100000101199817414
111001010467819710
100100000205916712
011101110786116107
000101100449719112
100001000288618214
000011010779216406
010001100587619808
101011100748417404
100010111296616411
010110000795518604
001011011258018610
100001100238018214
010010010659816109
000110100388620804
000110010296019605
111001011638520814
101010111538119013
011101010618318906
001010000685617806
101100110567020007
111011100649116813
101010001749116104
000001110558515404
100011011717918414
110010111405919804
011000010678517415
100100101529219905
101011100447819910
111111000696319608
011001101289315107
010100101629817609
101011111279117210
010010001569820104
111110100309315815
010000101197416914
110100010437720807
011010011758318911
001110010407519805
111101111299618905
001011100608521008
001110001478520610
010000010717217204
001111011499120007
110111011759518705
100111011679016206
111110111658614909
010100111349819715
000001110606117815
110110011675517804
111111010415515606
100100001489719014
000010001236019608
011101001686015314
001110001768619014
101010010518718115
100110001729518615
000011001387119314
111010000188620307
111111111269519909
100101000726717509
110110011399420914
100111111536920604
011010011249914706
010101101217520306
011100010397815414
011010111268018806
000111001478716605
111111000717119606
011110000328414910
110110110499116605
110111011339215311
010011000629918511
110000110237619009
011001000498620913
100001000477319914
011110001299415610
011010011218014515
001110110495918106
011101110688619115
010010110365615709
011010000298117609
010011100356815508
001010111729314912
000110101226116309
011000110227218412
001100001486319514
111001001425715804
001011001498918106
010010000576819409
100000100436418210
011011100336216711
101100010565820809
011010000339718004
100010111307419111
111101110449419413
011010010256318513
010110110558820110
100101100586016108
010101111268015404
000001100758816707
001101010536520115
111010111406115804
000001101489316807
110111000327816706
110011111687820204
100110110768320205
001110110529318405
011100000388114712
000111001586716712
101101000607716408
011110000558617309
110001010219716914
011010001538018406
110111111748120704
100000010336818105
100000010199516107
001001011287117209
111011001368918306
101000001248717915
101100100335717813
000001101246620813
111111000766119011
110100100589219805
001100101635620410
110111010489618613
111110101258017808
100111110277919811
101100111196817905
101110011558815605
110101100198415107
000011101366717315
100110011546219908
001001101708316604
000101011595516812
000001101339318004
101111100727117214
100000111686614808
011111000776819806
110000010366015207
111010011688416909
100011000408217410
011101001518315608
010011010616315409
001110110287220805
001101001665616609
110000111556820414
111110010659820007
110010001676819909
000101100415520611
110010011738019010
101110101768219604
011100111388819407
100101011796120210
101101101419415311
101011010716620804
111100001558115708
101100100278720214
101001001475520413
111011010489615210
100111110495718214
000101011629815113
001001101478316714
111110111688516611
000110100387616504
101101101266621013
011111001629616713
110010011368620905
010010101606620115
100000100217517906
100010011799417412
011011100579515413
011001010429420306
000111111526017704
100100110265518114
110101001607919311
010011111537320111
001000100429715211
100010100558314915
100110011738919204
001010010749416607
110011100606616715
101110000728015909
010101111417419805
111000110647918307
100010100307717308
011110110579916004
000011100517717810
010011110369517105
010101110749418207
000011101648817909
000100001627220604
001010110639915910
011001000257416407
011111011716014611
010101101397616005
000001011779420013
000111000366718409
101101000388014711
111111001679720614
010011111717214813
100111000799614814
000001111606020808
000011100645517507
100101111659315409
100111100729917007
100010001728414715
011000101728519508
100111010659315112
010110001679819909
100111001355917612
001100100639418210
100110110446319912
000110110438518010
011001000366915207
010001000578519514
000011000339019214
001111110646614811
011110000758914714
110110011755816808
100111011259918710
110101101388116409
101000001206820213
010001100748520610
001000001307019806
100100100597116909
000010000365716814
111110010509614610
110100011255516211
011001100638619412
101101100479817808
110011000496318808
111100110226015411
010101001517016306
011011010619917111
111000001428118609
100101101218217012
001111111259918407
000010000356820504
010100001756219206
111011100609720411
000111011428420205
100000010716620814
100111110506320206
001110101355720409
010000111608314706
110001110566016012
111111011397515714
111110110567420515
100000110217116414
010101100707017108
000010000197016514
001010010558715313
101111110356220013
000011110576319013
000111000759716315