6
9
10
7
8
8
6
5
9
3
3
4
4
7
7
9
10
3
7
4
10
6
4
10
5
6
7
9
9
8
8
5
7
5
5
8
4
10
3
9
3
7
9
5
5
10
5
4
4
3
5
3
6
8
6
3
4
5
5
6
10
6
5
6
6
8
3
8
9
9
5
7
6
8
6
10
6
7
3
8
9
5
7
7
5
4
9
7
4
7
10
7
4
9
6
6
9
8
8
10
4
6
3
5
7
3
8
3
6
8
9
8
10
9
6
5
3
6
4
5
3
4
10
8
9
6
6
6
4
4
7
9
6
5
5
5
4
7
10
8
6
5
4
6
6
5
5
5
3
3
5
6
9
3
6
7
4
9
3
7
4
5
7
9
3
9
7
8
10
9
7
4
10
4
4
6
6
9
9
9
5
3
8
4
9
4
10
8
4
3
6
4
4
3
3
9
9
3
9
8
4
3
4
3
10
4
4
6
8
4
7
9
3
8
3
7
4
6
8
5
10
9
7
9
4
4
4
4
4
4
10
8
5
9
10
5
8
6
9
4
9
4
7
8
8
3
6
5
8
5
7
10
3
5
5
8
3
8
5
10
5
9
4
10
4
5
10
7
8
9
5
8
10
10
4
7
4
4
6
4
6
6
9
5
9
